10
0.0 0.0 0.0 13.61 68.21 32.91 0.0 0.0 52.9 9.64 
0.0 0.0 0.0 0.0 0.0 0.0 0.0 0.0 0.0 40.44 
0.0 0.0 0.0 0.0 0.0 0.0 48.86 0.0 21.71 0.0 
13.61 0.0 0.0 0.0 0.0 0.0 61.44 0.0 34.66 0.0 
68.21 0.0 0.0 0.0 0.0 76.06 90.36 0.0 36.9 76.83 
32.91 0.0 0.0 0.0 76.06 0.0 31.32 98.3 0.0 0.0 
0.0 0.0 48.86 61.44 90.36 31.32 0.0 1.29 0.0 0.0 
0.0 0.0 0.0 0.0 0.0 98.3 1.29 0.0 0.0 25.44 
52.9 0.0 21.71 34.66 36.9 0.0 0.0 0.0 0.0 64.04 
9.64 40.44 0.0 0.0 76.83 0.0 0.0 25.44 64.04 0.0 

